0,273
0,270
175,49
175,48
175,47
175,46
175,45
175,44
175,43
175,42
175,41
175,40
175,39
175,38
175,37
175,36
175,35
10,284
10,70
10,220
10,232
10,88
10,262
10,246
11,8
11,6
11,24
11,10
11,16
11,2
11,3
8,18
8,17
8,13
8,10
8,7
156,4
156,3
156,2
156,1
156,0
51,4
51,3
51,2
51,1
51,0
50,5
50,4
50,3
50,2
50,1
50,0
48,5
48,4
48,3
48,2
48,1
48,0
47,4
47,3
47,2
47,1
47,0
45,5
45,4
45,3
45,2
45,1
45,0
42,5
42,4
42,3
42,2
42,1
42,0
40,5
40,4
40,3
40,2
40,1
38,3
38,1
36,4
36,3
36,1
31,3
31,1
28,3
28,1
20,3
20,2
20,1
19,3
19,2
19,1
17,3
17,2
17,1
16,3
16,2
16,1
15,3
15,2
15,1
12,3
12,2
12,1
11,28
11,27
11,26
11,23
11,22
11,21
